ap-south-1-us-west-1
1485343946,0.0
1485343958,351.33838653564453
1485344272,289.2112731933594
1485344285,123.26717376708984
1485344599,0.0
1485344601,351.7141342163086
1485344914,123.69155883789062
1485344927,351.0322570800781
1485345241,0.0
1485345243,869.267463684082
0,0.0
0,0.0
0,0.0
0,0.0
0,0.0
0,0.0
0,0.0
0,0.0
0,0.0
0,0.0
0,0.0
0,0.0
0,0.0
0,0.0
0,0.0
0,0.0
0,0.0
0,0.0
0,0.0
0,0.0
0,0.0
0,0.0
0,0.0
0,0.0
0,0.0
0,0.0
0,0.0
0,0.0
0,0.0
0,0.0
0,0.0
0,0.0
0,0.0
0,0.0
0,0.0
0,0.0
0,0.0
0,0.0
0,0.0
0,0.0
0,0.0
0,0.0
0,0.0
0,0.0
0,0.0
0,0.0
0,0.0
0,0.0
0,0.0
0,0.0
0,0.0
0,0.0
0,0.0
0,0.0
0,0.0
0,0.0
0,0.0
0,0.0
0,0.0
0,0.0
0,0.0
0,0.0
