ap-south-1-us-west-1
1485356440,0.0
1485356457,889.8582458496094
1485356777,359.6992492675781
1485356795,316.3928985595703
1485357115,0.0
1485357133,1002.7694702148438
1485357453,286.3321304321289
1485357472,350.5706787109375
1485357792,0.0
1485357810,182.04116821289062
1485358149,304.5921325683594
1485358169,413.84410858154297
1485358491,0.0
1485358507,333.1136703491211
1485358827,798.7174987792969
1485358845,954.6661376953125
1485359164,0.0
1485359181,46.19913101196289
1485359520,212.97740936279297
1485359539,408.09154510498047
1485359858,0.0
1485359876,421.356201171875
1485360196,378.0698776245117
1485360214,924.0140914916992
1485360534,0.0
1485360551,887.0763778686523
1485360872,1048.6984252929688
1485360892,962.2097015380859
1485361212,0.0
1485361228,414.9503707885742
1485361547,271.41475677490234
1485361566,253.39031219482422
1485361885,0.0
1485361903,408.5807800292969
1485362224,1007.5759887695312
1485362263,1000.0896453857422
1485362582,0.0
1485362599,965.8718109130859
1485362919,828.4416198730469
1485362939,759.8772048950195
1485363259,0.0
1485363276,563.8675689697266
1485363596,441.9240951538086
1485363614,275.25806427001953
1485363935,0.0
1485363952,968.2655334472656
1485364272,698.2460021972656
1485364290,921.2789535522461
1485364610,0.0
1485364627,1003.4370422363281
1485364946,1003.5610198974609
1485364964,1024.4083404541016
1485365284,0.0
1485365320,342.03338623046875
1485365641,334.58995819091797
1485365661,463.18817138671875
1485365981,0.0
1485365999,353.27720642089844
1485366320,1016.8647766113281
1485366340,1038.2080078125
1485366660,0.0
1485366676,367.31433868408203
1485366996,1044.626235961914
1485367014,1040.1535034179688
1485367333,0.0
1485367350,1036.1766815185547
1485367669,914.00146484375
1485367688,825.0770568847656
1485368008,0.0
1485368026,415.5139923095703
1485368346,1042.2229766845703
1485368364,1021.0704803466797
