eu-central-1-europe-west1-b
1485356439,0.0
1485356456,355.55076599121094
1485356776,364.52388763427734
1485356794,378.2196044921875
1485357114,0.0
1485357132,346.0245132446289
1485357453,406.6190719604492
1485357471,298.75850677490234
1485357791,0.0
1485357809,0.0
1485358147,292.5834655761719
1485358168,311.6645812988281
1485358490,0.0
1485358507,292.43946075439453
1485358826,345.7832336425781
1485358844,380.4769515991211
1485359164,0.0
1485359181,272.78995513916016
1485359519,342.44537353515625
1485359538,371.5200424194336
1485359858,0.0
1485359875,270.77770233154297
1485360195,310.0271224975586
1485360214,313.79032135009766
1485360533,0.0
1485360550,315.2151107788086
1485360871,357.73277282714844
1485360891,396.3623046875
1485361211,0.0
1485361228,337.18299865722656
1485361547,360.2256774902344
1485361565,314.83936309814453
1485361884,0.0
1485361902,375.0267028808594
1485362223,299.52335357666016
1485362262,329.6947479248047
1485362582,0.0
1485362599,366.60099029541016
1485362918,277.0709991455078
1485362938,341.5260314941406
1485363258,0.0
1485363276,277.88734436035156
1485363596,328.69529724121094
1485363614,375.8382797241211
1485363934,0.0
1485363951,412.8561019897461
1485364271,294.53372955322266
1485364290,365.6625747680664
1485364609,0.0
1485364626,395.4811096191406
1485364946,399.43790435791016
1485364963,409.08145904541016
1485365283,0.0
1485365320,0.0
1485365640,273.4966278076172
1485365660,384.2449188232422
1485365980,0.0
1485365998,268.57757568359375
1485366319,381.90174102783203
1485366339,287.0960235595703
1485366659,0.0
1485366676,351.4261245727539
1485366995,311.22684478759766
1485367013,273.0083465576172
1485367332,0.0
1485367349,305.9959411621094
1485367669,378.36360931396484
1485367688,373.42071533203125
1485368007,0.0
1485368025,310.73951721191406
1485368346,304.4137954711914
1485368364,313.1074905395508
