europe-west1-b-eu-central-1
1485356439,1776.123046875
1485356456,1795.7496643066406
1485356776,1792.4308776855469
1485356794,1788.1584167480469
1485357114,1788.2633209228516
1485357132,1784.3818664550781
1485357453,1781.7497253417969
1485357471,1791.9158935546875
1485357791,1781.005859375
1485357809,1791.7537689208984
1485358147,1784.36279296875
1485358168,1793.6229705810547
1485358490,1785.4785919189453
1485358507,1785.7837677001953
1485358826,1789.5030975341797
1485358844,1788.015365600586
1485359164,1788.9785766601562
1485359181,1792.6883697509766
1485359519,1797.647476196289
1485359538,1787.7006530761719
1485359858,1779.2224884033203
1485359875,1789.9131774902344
1485360195,1778.1829833984375
1485360214,1794.8532104492188
1485360533,1793.3177947998047
1485360550,1788.339614868164
1485360871,1785.7074737548828
1485360891,1782.2933197021484
1485361211,1791.9921875
1485361228,1793.4322357177734
1485361547,1779.6516418457031
1485361565,1789.5793914794922
1485361884,1778.8219451904297
1485361902,1789.1883850097656
1485362223,1787.3477935791016
1485362262,1787.1952056884766
1485362582,1793.508529663086
1485362599,1785.8028411865234
1485362918,1784.2960357666016
1485362938,1788.625717163086
1485363258,1783.9717864990234
1485363276,1795.95947265625
1485363596,1785.7074737548828
1485363614,1787.0521545410156
1485363934,1788.5303497314453
1485363951,1789.255142211914
1485364271,1791.0957336425781
1485364290,1785.1829528808594
1485364609,1789.9131774902344
1485364626,1795.358657836914
1485364946,1777.1244049072266
1485364963,1795.501708984375
1485365283,1788.177490234375
1485365320,1785.440444946289
1485365640,1783.0276489257812
1485365660,1785.6216430664062
1485365980,1788.930892944336
1485365998,1794.8246002197266
1485366319,1775.1216888427734
1485366339,1792.6025390625
1485366659,1776.9908905029297
1485366676,1782.2933197021484
1485366995,1788.9118194580078
1485367013,1786.9949340820312
1485367332,1798.4294891357422
1485367349,1782.1884155273438
1485367669,1783.0467224121094
1485367688,1789.5889282226562
1485368007,1782.827377319336
1485368025,1785.6979370117188
1485368346,1781.1107635498047
1485368364,1790.9908294677734
