us-west-1-ap-south-1
1485356440,0.0
1485356457,622.3030090332031
1485356777,714.5547866821289
1485356795,843.348503112793
1485357115,0.0
1485357133,771.5959548950195
1485357453,852.4208068847656
1485357472,794.9619293212891
1485357792,0.0
1485357809,844.6321487426758
1485358148,760.6029510498047
1485358169,768.6386108398438
1485358490,0.0
1485358507,826.3101577758789
1485358827,790.8649444580078
1485358845,774.4264602661133
1485359164,0.0
1485359181,893.3801651000977
1485359520,770.6079483032227
1485359539,725.3494262695312
1485359858,0.0
1485359876,630.9356689453125
1485360196,779.0498733520508
1485360214,740.5281066894531
1485360534,0.0
1485360551,692.7642822265625
1485360871,734.3454360961914
1485360891,765.0222778320312
1485361212,0.0
1485361228,735.3029251098633
1485361548,824.5058059692383
1485361566,728.6472320556641
1485361885,0.0
1485361903,779.2539596557617
1485362225,0.0
1485362263,756.8721771240234
1485362582,0.0
1485362599,754.3535232543945
1485362919,673.3675003051758
1485362939,615.9725189208984
1485363259,0.0
1485363276,550.1546859741211
1485363596,628.3540725708008
1485363614,783.2574844360352
1485363935,0.0
1485363952,689.0544891357422
1485364272,736.9565963745117
1485364290,704.3018341064453
1485364610,0.0
1485364627,604.9737930297852
1485364946,766.413688659668
1485364964,779.7088623046875
1485365284,0.0
1485365320,795.8707809448242
1485365641,711.944580078125
1485365660,738.4834289550781
1485365981,0.0
1485365999,635.7583999633789
1485366320,763.3132934570312
1485366340,691.2345886230469
1485366660,0.0
1485366677,800.9128570556641
1485366996,774.7993469238281
1485367014,701.0364532470703
1485367333,0.0
1485367350,784.8005294799805
1485367669,620.8982467651367
1485367688,582.916259765625
1485368008,0.0
1485368026,767.5924301147461
1485368346,680.0661087036133
1485368364,754.8789978027344
