us-west1-a-us-west-2
1485356439,1781.8641662597656
1485356457,1792.3450469970703
1485356776,1795.501708984375
1485356795,1794.137954711914
1485357114,1783.0753326416016
1485357132,1788.9690399169922
1485357453,1777.7156829833984
1485357472,1795.34912109375
1485357791,1791.2864685058594
1485357809,1789.4458770751953
1485358148,1789.9227142333984
1485358168,1791.6584014892578
1485358490,1787.6815795898438
1485358507,1784.0385437011719
1485358826,1790.151596069336
1485358845,1780.996322631836
1485359164,1788.0630493164062
1485359181,1781.9499969482422
1485359519,1789.1120910644531
1485359538,1791.6011810302734
1485359858,1777.9254913330078
1485359875,1790.8477783203125
1485360196,1789.388656616211
1485360214,1791.0385131835938
1485360533,1782.7415466308594
1485360550,1783.294677734375
1485360871,1792.90771484375
1485360891,1786.7851257324219
1485361211,1790.609359741211
1485361228,1786.2319946289062
1485361547,1778.6312103271484
1485361565,1788.8736724853516
1485361884,1784.4200134277344
1485361902,1785.4690551757812
1485362223,1795.196533203125
1485362262,1786.5467071533203
1485362582,1795.6829071044922
1485362599,1793.975830078125
1485362919,1799.1828918457031
1485362938,1783.6189270019531
1485363259,1789.9703979492188
1485363276,1793.5466766357422
1485363596,1781.9499969482422
1485363614,1783.3518981933594
1485363935,1779.2510986328125
1485363951,1785.9458923339844
1485364271,1786.8709564208984
1485364290,1795.1679229736328
1485364610,1793.680191040039
1485364626,1785.5453491210938
1485364946,1786.7660522460938
1485364964,1793.060302734375
1485365283,1787.4431610107422
1485365320,1782.7320098876953
1485365640,1782.6080322265625
1485365660,1788.330078125
1485365980,1785.0208282470703
1485365998,1786.813735961914
1485366320,1787.1856689453125
1485366339,1792.917251586914
1485366659,1783.9813232421875
1485366676,1788.4349822998047
1485366995,1787.4622344970703
1485367013,1785.8028411865234
1485367333,1791.9254302978516
1485367349,1788.0725860595703
1485367669,1787.0330810546875
1485367688,1790.1039123535156
1485368007,1786.947250366211
1485368026,1792.001724243164
1485368346,1781.606674194336
1485368364,1793.1175231933594
