us-west-2-us-west1-a
1485356439,0.0
1485356457,788.6228561401367
1485356776,769.5446014404297
1485356795,695.0349807739258
1485357114,0.0
1485357132,738.1772994995117
1485357453,743.865966796875
1485357472,561.0675811767578
1485357791,0.0
1485357809,740.8552169799805
1485358148,758.8949203491211
1485358168,856.0304641723633
1485358490,0.0
1485358507,786.3216400146484
1485358826,683.161735534668
1485358845,716.4125442504883
1485359164,0.0
1485359181,0.0
1485359519,817.8806304931641
1485359538,656.6600799560547
1485359858,0.0
1485359875,707.7789306640625
1485360196,678.5211563110352
1485360214,619.1291809082031
1485360533,0.0
1485360551,779.4456481933594
1485360871,693.5691833496094
1485360891,923.7575531005859
1485361211,0.0
1485361228,323.2078552246094
1485361547,869.3723678588867
1485361565,705.9097290039062
1485361884,0.0
1485361902,651.2184143066406
1485362223,605.2703857421875
1485362262,600.8110046386719
1485362582,0.0
1485362599,648.6101150512695
1485362919,648.7665176391602
1485362938,626.0175704956055
1485363259,0.0
1485363276,566.1106109619141
1485363596,699.6994018554688
1485363614,677.2661209106445
1485363935,0.0
1485363951,690.1378631591797
1485364271,905.3640365600586
1485364290,673.0594635009766
1485364610,0.0
1485364626,663.1221771240234
1485364946,604.1231155395508
1485364964,663.6428833007812
1485365283,0.0
1485365320,579.442024230957
1485365640,574.1357803344727
1485365660,943.8562393188477
1485365980,0.0
1485365998,691.4405822753906
1485366320,802.7944564819336
1485366339,593.9111709594727
1485366659,0.0
1485366676,794.5804595947266
1485366995,613.6970520019531
1485367013,814.1765594482422
1485367333,0.0
1485367349,882.5492858886719
1485367669,795.8450317382812
1485367688,623.1050491333008
1485368007,0.0
1485368026,606.6179275512695
1485368346,603.8799285888672
1485368364,684.4358444213867
